   -0.15032537
    0.27666139
   -0.49359202
   -0.17770729
    0.00325768
   -0.06862366
   -0.03416322
   -0.00771099
   -0.10988703
    0.03513797
   -0.02114615
   -0.07017711
    0.12676160
   -0.29873991
    0.03503841
   -0.07282747
   -0.05685674
    0.06515764
    0.06605880
    0.06555653
    0.19225973
    0.04969231
    0.06703126
    0.04806129
    0.04983725
    0.04260683
    0.18780761
    0.03515818
    0.04149161
    0.06352589
    0.04091800
    0.03497926
    0.03475774
