   -0.15975889
    0.28386714
   -0.43669132
   -0.15224788
   -0.00448321
   -0.07734087
    0.01746905
    0.00955045
   -0.04728121
    0.04763427
   -0.01217407
   -0.02587731
    0.15932871
   -0.21850388
    0.00737206
   -0.05946484
   -0.02247731
    0.08429272
    0.08290669
    0.07935790
    0.21057785
    0.08719141
    0.09762092
    0.09052158
    0.09403891
    0.10136554
    0.24067619
    0.09571801
    0.08107340
    0.09359386
    0.07912463
    0.08348875
    0.08953076
